1.469248229513791859e+00
7.598783925270364836e-01
3.507067444748415141e+00
3.301311441205276864e+00
4.090975733382660628e+00
1.103922402934550684e+00
-5.659222774040988391e-01
-1.233137089396122210e+00
-1.216540462382210919e+00
-1.417320078685405438e+00
-2.017473698760951173e+00
-1.882957252726545239e+00
-1.022269535181970834e+00
-6.365775525889147968e-01
-1.590035943079495528e-01
4.261165167804242815e-01
1.291906843019536399e+00
4.215936075444470799e-01
-1.354957598562380072e+00
-2.551129854676984721e+00
-3.007146220777800139e+00
-1.632638034356054701e+00
-9.280147959822343529e-01
nan
-2.541668984974503331e+00
-3.507945488392496536e+00
-4.591538045927843648e+00
-5.088039672409509606e+00
-4.976502177726804810e+00
-3.453198349879814888e+00
-2.335156659588340844e+00
-1.191057768547267859e+00
1.096527042118172202e-01
1.111743606571181653e+00
1.553968956459601536e+00
1.750597518816037867e+00
1.381073866361212765e+00
2.115490039524303700e+00
1.011765576293251812e+00
2.972530354257205687e-01
-5.272500333289267260e-01
-1.367253884932055019e+00
-3.638305606991478758e+00
-4.823805086913728779e+00
-6.918719550680471286e+00
-7.055296752659905302e+00
-5.758782248504473955e+00
-3.075432002911894891e+00
-6.459930831560182218e-01
8.505199772506818467e-01
3.690680247017036564e+00
5.084450923315758430e+00
nan
7.098302301379923129e+00
5.607318904087163602e+00
1.508099133754499777e+00
nan
-1.122449935986600922e+00
-1.142129105417989399e-01
1.981294970920653320e+00
4.547407754048196971e+00
5.488447028236748793e+00
6.772237476757740460e+00
5.168784427824339112e+00
9.148255549774830797e-02
-3.977528212572471134e+00
-7.311635646633432906e+00
-8.071122720348840929e+00
-6.411809931198621193e+00
-3.034208712060209479e+00
7.514924748801593557e-02
1.886771227726536271e+00
2.658020506372074987e+00
3.327829460196892075e+00
nan
-8.663645754139008837e-01
-4.493637771602609909e+00
-5.988540150110161164e+00
-6.817601580788540616e+00
-4.596412104460850578e+00
-2.967272867481799636e+00
-3.985184177659302218e-01
2.499569686647902245e+00
3.558691378779833769e+00
3.358489311524659904e+00
3.165411819066725752e+00
2.389334863906912965e+00
2.189134272128451020e+00
-2.308958283966822123e-02
nan
-7.393532828810180924e-01
1.832998936285588520e+00
4.125424096226653070e-01
2.674972297880810146e+00
1.875065383229148175e+00
1.217490202672605770e+00
1.588472704468572250e+00
2.236979121193203746e+00
2.892145970992411108e+00
4.014773522792403071e+00
4.865899990092373173e+00
4.433148056643787527e+00
3.595057290992600851e+00
1.279664561711626680e+00
4.665521659745696104e-01
-3.307213435990093986e-01
9.038340064196737078e-02
1.449195382927403353e+00
2.651705654562045211e+00
3.422749797737649313e+00
2.670284790568586253e+00
1.240893508912059851e+00
-6.167309876473864305e-01
-8.262613203815145635e-01
-1.836930628787664554e+00
-3.221381736297309395e+00
-3.405987372141037639e+00
-1.627484081123227400e+00
-1.312429951257589877e+00
-1.530577760856022040e+00
-9.786315701573408132e-01
9.664937020197297279e-01
-2.916655254966955546e-01
2.537139062646608934e-01
-1.016824915689770625e+00
-3.479052674409595647e-01
nan
-1.238602891340939982e-01
6.671313752314226297e-01
5.879977850286224328e-01
1.943481037628129737e+00
2.905430514026030586e+00
3.455357984919816605e+00
2.724804539427055694e+00
3.087171636234736560e+00
nan
2.562845151768723628e+00
nan
8.154545657821004045e-01
6.255076507283988674e-01
9.330415213256220142e-01
4.023719612039400317e-01
1.542138464655477659e+00
2.257712012883736907e+00
2.187633474859938421e+00
1.152424890265220991e+00
-7.252000552634995101e-01
-2.906115475254130054e+00
-2.571942441142933244e+00
-3.965393914097414818e+00
-3.929244218169782421e+00
-4.084246592920115937e+00
-3.011329899969427348e+00
-2.102410281087604194e+00
-1.517113991078352875e+00
3.275938842302796861e-01
2.669824304951294858e-01
1.638686108649308970e+00
3.280988115557840423e+00
4.647640889701941447e+00
4.338176038059326167e+00
nan
-4.358674980735520177e-01
-3.671750508221963472e+00
-5.356503060200364708e+00
-6.392414437355314227e+00
-5.625004090915528110e+00
-3.982944599330379809e+00
-1.021084984718241273e+00
9.476564468926915730e-01
2.468061521385020995e+00
4.144256289525568349e+00
2.806153477576503352e+00
1.656949202202050664e+00
-1.492963404702154939e+00
-2.232537630321360211e+00
-4.674539819879440117e+00
-4.796488650156025990e+00
-5.551300883782358753e+00
-4.626305626272491978e+00
-2.915599925061984177e+00
nan
-1.415154552623367756e+00
1.273352747156064391e+00
8.652657300996287049e-01
2.674625169363243238e+00
1.377123709429029397e+00
7.087448669972203907e-01
3.122806854494696305e-01
1.479107404552329808e+00
1.282697543427842701e+00
2.216447011918563970e+00
1.026966632825812020e+00
1.290487617368363260e-01
-1.588906448776344904e+00
-3.586451248910824674e+00
-3.434105371457754963e+00
nan
1.173437661830691425e+00
2.141970805771965303e+00
2.713190961011568980e+00
1.600305425775555346e+00
-3.974966580087411216e-01
-3.732888913435407297e+00
-6.876449239404136549e+00
-6.912557069171683111e+00
-7.007248735465535283e+00
-4.863997315671678479e+00
-3.938275832451297198e+00
-2.891141431901607994e+00
-1.989002883618214312e+00
-9.833009329991382330e-01
-2.754064112106045792e-02
-1.295583958526006052e+00
-2.576541878078504322e+00
-3.419143281527314393e+00
-1.720571532920623481e+00
-2.276581776468067364e-02
3.192968533393456987e+00
4.953087355525980229e+00
5.836941426207485684e+00
5.569136333737045419e+00
4.259779786809978930e+00
1.426232677767303336e+00
-8.694456813522721816e-01
-1.562524697727206036e+00
-3.484291985659427660e+00
-4.900209414902299443e+00
-4.035710843241410828e+00
-3.285959557381367357e+00
-2.833224719567348338e+00
-2.748242066200283773e+00
-2.224463352201913047e+00
-1.494024560289643588e+00
-7.179115944218843470e-01
8.572499057357981789e-01
2.948751697825388263e+00
2.411132714583949177e+00
2.956762176718279456e+00
7.298920434837443683e-01
-2.932103642362554052e-01
-9.742998360206494013e-01
-1.140784098509267652e+00
-2.408763753503831317e+00
-2.419483845205322670e+00
-2.473187430866242043e+00
4.841531417568019080e-01
1.821070093159545600e+00
nan
5.083326000880084905e+00
5.276166242611280310e+00
nan
4.684201641996388332e+00
4.197558201510314113e+00
3.086326577210178002e+00
1.390121745276020171e+00
nan
-2.651542612423267276e+00
-4.025569592469788738e+00
-7.244206312309094287e+00
-6.990145019865879661e+00
-6.054440941652031505e+00
-4.202163747867764698e+00
-7.683165236791400510e-02
3.815044667942340872e+00
5.854752272196656726e+00
6.776996460978288006e+00
4.516080607411205428e+00
2.565851998600304107e+00
-1.201899817777070778e+00
-2.171165795633521967e+00
-4.573045706334380789e+00
-3.945117850655006198e+00
-5.306251333723403185e+00
-3.626515120939773240e+00
-2.207642333696075987e+00
1.315414126169648923e-01
6.820078147474117891e-02
6.458182795229057138e-01
nan
8.693644615674396281e-01
-7.884458672083234365e-01
-2.250017189431716691e+00
-3.626259399570456399e+00
-3.358677869666893301e+00
-3.051655832751883235e+00
-1.131341474297995919e+00
2.797329328039686036e-01
9.394458765790474342e-01
1.055364416891400481e+00
-5.368572608593615847e-01
-1.389016754208137083e+00
-1.237315066088590987e+00
-1.870154408806040891e+00
-1.199094595834048649e+00
-2.086482016437357645e-01
1.701246319689908582e-02
-2.734018103589941906e-01
-4.904980693938544301e-01
-2.456947880080080804e+00
