6.205356445012252253e-01
8.883707476951214765e-01
7.009905033350231074e-01
1.478193549434499987e-01
-1.145458051643910125e+00
-1.439261761310061782e+00
-1.285595492142399321e+00
-1.064947742256461827e-01
1.010310714284388789e+00
2.088060851326309031e+00
2.005683814258648390e+00
1.038998742261333597e+00
-5.496448556677231423e-01
-1.027736350716490055e+00
-5.185115703618582428e-01
9.240177755244960434e-01
2.447273255354776467e+00
3.146013580548179700e+00
2.307275853716441727e+00
-4.371855078507125292e-02
-2.027231101922045475e+00
-1.656570948252918507e+00
7.096751191339174536e-01
3.595731252665586020e+00
4.511010555020242840e+00
2.960470448135637422e+00
9.095711862121906854e-01
-3.477527099354755791e-01
-4.468481338250458457e-01
5.754174315602886836e-01
1.485555521266619605e+00
2.235059350673572531e+00
3.034193300871127263e+00
2.531393643585083453e+00
1.367032507366472194e+00
4.641109721237686170e-01
2.979109604341536599e-01
3.322949912885186929e-01
1.078715548769624721e+00
2.022352463013495250e+00
2.707442778811296691e+00
2.745887500980180640e+00
2.370328495175111794e+00
1.476272994376194081e+00
1.757298280583424521e+00
2.154265721467325534e+00
3.160030753734903275e+00
4.139641364416048575e+00
4.004070626899506991e+00
2.453317442473857746e+00
1.940454277288270468e-01
-1.059451793383446638e+00
-1.340833220982289298e-01
2.408393603564002561e+00
4.533446263473978277e+00
5.143965015593670920e+00
5.340680445495873840e+00
4.108397606987292505e+00
1.764667489657735455e+00
5.764069817917483185e-01
5.433937440184672951e-01
1.017225685249628420e+00
2.722786014790943732e+00
4.166083433701099459e+00
4.868433492829113973e+00
5.208432563124621772e+00
4.365531196177872886e+00
2.612677120876413461e+00
2.117882080230151676e+00
1.576372637643621566e+00
1.731304376765681496e+00
3.478748032990315764e+00
5.690089466493073900e+00
6.300754877651685959e+00
4.951353314304066444e+00
3.091452335144878827e+00
1.911098928153725396e+00
2.017343509462004025e+00
2.990410362113979037e+00
3.859945360779282630e+00
4.375060012011885213e+00
4.414076634625736517e+00
4.031822470987669327e+00
3.424315887548470716e+00
3.218563908040612098e+00
2.866971977139432859e+00
3.705284129138050275e+00
5.331984144706799711e+00
5.931425976309814274e+00
4.968607740636469927e+00
3.900380947970627510e+00
3.487151684320587641e+00
3.674147637895095464e+00
4.775757031759319204e+00
5.461961974949886667e+00
5.174123839462756891e+00
5.259502750669430959e+00
4.861376994870306945e+00
4.321950059734124494e+00
3.256330453865073249e+00
3.161098842371319328e+00
3.928225607111588857e+00
5.281261370464724436e+00
6.663717907217704628e+00
7.075170664660792141e+00
5.855657644014591767e+00
4.815896984075866527e+00
4.319465808869401791e+00
4.713244715685550368e+00
5.450822868103477603e+00
6.149789926387066785e+00
5.831926198847721565e+00
4.759199400264439994e+00
4.026274816567066317e+00
4.051389992744294233e+00
5.141086317289852659e+00
5.143377477920690666e+00
5.292005623861690822e+00
5.405391316399975388e+00
6.220407296986684820e+00
6.537052496732726148e+00
6.255325082192927155e+00
5.869706377075587511e+00
5.807840873579355190e+00
5.133747442918219939e+00
4.627923187822091222e+00
5.359279880774044713e+00
6.664211131187978587e+00
7.608239926034526590e+00
8.297282127765022608e+00
7.137958909695521825e+00
5.700052724543656524e+00
4.668133478160393146e+00
4.965741764630233313e+00
5.908381461143356717e+00
7.296347037928635260e+00
9.216551132933144430e+00
9.708787485503433956e+00
8.498468789870390339e+00
7.073310157737447312e+00
5.969455366919383721e+00
6.454190837176517093e+00
6.895358802794813613e+00
6.976737721218898791e+00
6.329593740616214603e+00
5.891035468432600730e+00
5.537987261116580129e+00
6.884145324303605484e+00
8.426071208395640610e+00
9.418285182981009029e+00
9.205301068754755178e+00
7.991774108843988422e+00
6.539080590915030911e+00
5.269297695812432458e+00
6.171088445074638607e+00
7.750698551389551660e+00
9.890331160562929824e+00
1.083817869793742084e+01
9.350249890071758330e+00
6.973676618527475668e+00
5.248265643084408794e+00
5.096206428977373193e+00
6.468417660912871625e+00
8.622669069380608065e+00
9.991519205504973300e+00
9.809733600578379509e+00
8.706528270370659683e+00
7.437674253983236561e+00
6.590667137864581804e+00
7.036069969090378962e+00
8.060991244628306518e+00
9.361041933631476297e+00
9.993584241090083253e+00
1.014018139946452024e+01
8.601977548761817971e+00
7.923041265671697531e+00
7.581255307323525372e+00
8.439948472353004050e+00
9.164671846807509681e+00
9.527980797998543139e+00
9.627232948850517502e+00
9.111148777902057461e+00
8.330510845992494140e+00
7.935766677731384000e+00
8.838873574038501602e+00
9.084259557671343188e+00
9.303202919249766722e+00
9.993461838648105555e+00
1.003145628034184256e+01
1.023643544280493423e+01
8.960941310701128870e+00
7.502503168183388027e+00
7.124056601693322222e+00
7.834904900544346518e+00
9.177648130034027574e+00
1.084903859498640699e+01
1.114141825003372333e+01
1.062300039343802460e+01
9.702300941974085546e+00
8.816171954273215761e+00
9.472083915356973804e+00
1.013562459882444600e+01
1.144402620385828229e+01
1.146942789617440717e+01
1.082164227608070206e+01
9.919840670276292016e+00
8.907329839819951189e+00
9.053769067222255273e+00
1.040426183715153918e+01
1.183160986023002614e+01
