-9.787359292995425619e-01
1.327788050719717283e+00
-1.099445032381280551e+00
7.491338689203769219e-01
-4.066711595507285226e-01
-2.435023307475037146e-01
1.259679652007792416e+00
-7.017624331911966884e-01
7.178074912164881249e-01
-5.177945564414111468e-01
5.746447010002333489e-01
-2.366285066398563064e+00
-2.956783766560669990e-01
1.558492341980309392e+00
-2.968168556756622944e-01
6.175337481876934653e-01
6.721769508393236059e-01
-4.442445360325311676e-01
1.397650108384968615e+00
-1.060626563245546494e+00
1.311569545182416530e+00
-3.896109599859504669e-01
-9.562606733440012219e-01
-5.885722247911210347e-01
4.295506913804103544e-02
1.436751890806920340e+00
-1.604514961671335560e-01
6.075258326697150491e-01
3.071715561322100330e-01
-7.415024614907483880e-01
1.002269453769566443e+00
-1.259106878952121145e+00
1.327779923662869566e+00
1.101592413984890939e+00
-2.071123766396090193e+00
3.624842618845591224e-01
-7.176405817212470062e-01
8.126363482733757193e-01
-2.727458053527925808e-01
-8.552565047975052570e-01
2.203955061608783517e+00
-1.340661089552316998e+00
3.056184339867873856e+00
-1.532335675108714490e+00
-1.477279004913814031e+00
2.477947210951220836e+00
-1.855311334912417287e-01
-4.821800032065564068e-01
-1.380841837776358938e+00
1.959836211464203393e+00
-1.318197739521098200e+00
1.038605007671066005e+00
1.680017279857155099e+00
-1.446294732540309047e+00
2.367492929149678904e+00
7.188514188512185044e-02
-2.007802130528161477e+00
3.667824750485493723e+00
-4.316662627375854600e-01
-6.347794912229400843e-01
-1.534726400449194728e+00
1.604382180738049613e+00
-6.552346538332253223e-01
1.634079512697206304e+00
5.398566571187658480e-01
-1.427652950354730610e+00
5.026675322250477862e-01
3.872348331881809158e-01
-1.017779496329206390e+00
3.441194615340701812e+00
-2.762961347661697653e-01
-7.668562187162486499e-02
-1.215621210337532787e+00
8.278419918807767841e-01
-1.515999302010471617e+00
3.424392010514376583e+00
1.474025524336509130e-01
-4.622463059552917031e-01
8.799705418477204999e-02
-6.670622533289669587e-01
1.837814848077770624e-01
3.892493242836168044e+00
-2.126107629201936522e-01
-6.948558560771205261e-01
-3.800521074272457667e-01
6.308997065426178441e-01
-1.336843373400471879e+00
3.003299196753761890e+00
1.210048580142699892e+00
-1.872673621319146386e-01
-1.571116077129823541e-01
3.742353020192051849e-01
8.657106975419437411e-03
3.017250729242415108e+00
-9.542880127388684297e-01
3.054611648476930896e-01
8.241242186726434049e-01
-2.901477556020065074e-01
3.907651169876680264e-02
9.369443383224987931e-01
2.763294594125152770e+00
5.081286226752401713e-01
-1.637408182986400451e+00
3.334919182984369401e-01
-1.336373787458390305e+00
3.783250483092749583e+00
-3.022731656611553408e+00
2.501694606429956558e+00
-3.761982032847943636e-01
7.604927026393283329e-01
-2.557779526780595836e-01
8.845466676986135646e-02
1.632013082156883677e+00
1.416309943556772533e+00
-5.992167153927357992e-01
-4.770959910067928411e-01
-2.102255344736871479e+00
3.130467406605651703e+00
-2.511736722726912063e+00
6.782099039129103613e-01
7.466236367183622935e-01
5.352791550747723059e-01
-4.361983133834313464e-01
-3.118907069795832654e-01
1.250495029868305297e+00
8.981356551818513445e-01
-1.496357752941118058e+00
-1.535189308521739959e-01
-1.274911495631039227e+00
2.473727752604991004e+00
-1.866829464170822739e+00
6.820266809960618959e-01
-1.463790476796461126e+00
5.943588521931422175e-01
-1.084069591287728729e+00
-9.841378646999576763e-01
1.227234874688153399e+00
3.429839124046475396e-01
-2.802335856521370516e+00
1.913416578616572661e+00
-2.884775611749144097e-01
3.206105147327264149e+00
-2.232323228374291979e+00
7.451879117826691878e-01
-8.839261846364480091e-01
-4.297363067378262014e-01
-8.112094836195992142e-01
-1.134291608939877793e+00
1.232258617026466219e+00
7.237924592657023481e-01
-1.054384858837880135e+00
-3.495950975084558543e-01
1.030984456119265369e+00
2.456809991257332904e+00
-1.686401128544755323e+00
-7.562958571429996280e-01
-1.244007923624920853e+00
1.188576422429635793e+00
-1.202965789124732954e+00
-2.651337009180220194e-01
9.812699967909627174e-01
2.106408418282746720e+00
-2.955588122361829662e+00
-3.889723749103925488e-01
-9.393807042723187894e-01
3.271356226700916192e+00
-1.983973661726762483e+00
-1.598789294526598459e+00
-1.021827093001181352e-01
7.960788821211982613e-01
-1.074346694123643697e+00
2.868103361721003886e-01
-3.910160594471387974e-01
2.051927660204512893e+00
-1.473493457842913745e+00
7.029551506804807559e-01
-1.981482789210376350e+00
2.694475909601299790e+00
-4.060576606658449883e+00
6.263466194304617707e-01
1.815423891177814220e-01
1.618869949908803729e+00
-2.091983381023869271e+00
5.645638169567379627e-02
1.111258226707019903e+00
1.413835454525190105e+00
-7.516098998061438996e-01
1.938221477896899358e+00
-3.006464815466917795e+00
2.123512722211451820e+00
-2.610429272715979465e+00
1.678863141000684678e+00
4.486272875095768109e-01
6.461639848867298808e-01
-8.452904825274609735e-02
1.535113870122188917e-01
1.700223693191739716e-01
4.509695923936641870e-01
1.139611571304265603e+00
7.993854891026287435e-01
-2.581152384419853618e+00
1.572536898168184871e+00
-1.423110880010650670e+00
1.340360327064117563e+00
5.845074496125994834e-01
3.061948262142571986e-02
-3.201360717556504809e-02
-1.767092416731479432e+00
4.622496081860600903e-01
1.310795831337535633e+00
-2.447824445850486086e-01
1.141949488740561902e+00
-1.247893481352008616e+00
-5.116232476290827336e-02
2.183480697438714646e+00
-1.213627986287884486e+00
3.495220780402890082e-01
1.334438131447014841e+00
-1.803533799639520430e+00
-2.685785083932124895e+00
8.449473996130718589e-01
8.870413075994102448e-01
-5.959704711094179208e-01
3.492153643374106942e+00
-2.403868914995540340e+00
-9.149588393759868765e-01
7.507709941605336113e-01
-1.538684629061173981e+00
9.108452246785297968e-01
2.925417923907768225e-01
-9.412766696691734492e-01
-3.180926020776004393e+00
2.761139458423003123e-01
-1.655797911772201036e-01
-1.685917139639571349e+00
2.949862528040975818e+00
-1.658975222713188868e+00
-1.913586116639433232e+00
3.698188462219555994e-01
-1.984545677659652840e+00
2.644628034311600207e+00
-2.751321740407836058e-01
-1.403911627508328763e+00
-1.623777643184077579e+00
3.833267112175442470e-01
-6.881658450288683504e-01
-4.466349673949028265e-01
2.217975890580212717e-01
-1.173755897978832952e+00
-1.544307155732393966e-01
1.234210143264386494e-01
-2.353358128384141601e+00
2.987622316790154997e-01
1.373408636293921292e-01
5.137665846340020437e-01
-1.488214077086404741e+00
8.419588416581675894e-01
-1.886258305412368941e+00
1.406160664549940709e+00
-2.924109995548671570e-01
-2.530129565829303040e+00
4.864069878738521702e-01
9.625144671343652258e-02
-3.011739701550077974e+00
-5.571814528671166222e-01
4.312487732947481445e-01
9.084386827841905987e-02
-1.231798292362689118e+00
6.870517138566785142e-01
-3.628390964727890466e+00
2.468699587126338191e+00
-2.023833950237105217e+00
-1.096247836465201297e+00
7.918896148709384519e-01
-2.764794394733291472e-02
-2.215569035721986157e+00
-1.278943205572356523e-01
4.284290701273861801e-01
2.850369568403768317e-02
-2.256964217743315793e+00
1.046584269240566689e+00
-8.173825520164106351e-01
2.790144907571503463e-01
-2.636946273142902086e+00
-1.257659927565449864e+00
1.422017234175802614e+00
9.206308406712591097e-01
-4.088771310308096929e+00
1.604759694355154531e-01
8.237746995648910220e-01
-1.052965657974942237e+00
2.238070001258528841e+00
-1.514648687658781689e+00
-1.282091224401207263e+00
9.838823744825639928e-01
-3.548269379889099628e+00
-8.844366386386723899e-01
3.538571559618508555e-01
1.735275121132830778e+00
-3.104242182428601282e+00
