1.366223208472938433e+00
4.887801147365967713e-01
8.035615465160279580e-01
-9.889810491521144886e-01
-2.983747622715701375e+00
-3.328446645170391793e+00
-2.545262122672561578e+00
-1.553684780481177530e+00
-1.117392428929246062e+00
-1.907013655940759556e+00
-3.576750927448417716e+00
-2.080467981490231821e+00
3.144050525434820553e-01
1.035685867952860439e+00
1.648824614801018829e-01
1.090260366287187643e-01
2.372739760667709474e-01
8.384781454025150293e-02
-2.504472098019492887e-01
-4.706670153164931869e-01
-6.165564048513647588e-01
4.408069298573004113e-01
-1.640493780650523092e+00
-2.736878213989963449e+00
-1.588620278103085592e+00
-1.198967466563666706e+00
-2.361729138175431064e+00
-2.200493375894820858e+00
-3.311808572979109577e+00
-2.263663846304873939e+00
-3.388976076099838863e+00
-4.526679116768648647e+00
-4.768435968500340572e+00
-3.459056978363808987e+00
-2.187090008135509134e+00
-1.263224247949588763e+00
4.745589978363518036e-02
-1.343229562027685065e+00
-6.964818542342952057e-01
2.536469396973059620e+00
2.396687901708853818e+00
1.233167861814399302e-01
6.025124183465089267e-01
-2.015837144531927638e+00
1.188414830004739908e+00
9.007705493008811848e-01
2.195946369230231454e+00
1.992220574151386758e+00
1.249161534974100762e+00
-1.616851730611627014e-01
-2.649706798651785267e+00
-1.676279753822530694e+00
-1.983274688712500788e+00
1.764255398762130556e+00
6.194402378644076279e+00
8.303262139327030056e+00
6.975827467833832785e-01
-5.385025136638621035e+00
2.679152996611486870e-01
-1.222680553638741952e-01
1.157180835078881254e+00
2.297489528519851110e+00
1.311645004677233661e+00
2.815992924467228264e-01
1.079359798907469692e+00
5.909375097206026606e-02
-1.390847910113236496e+00
-4.377408936584537003e-01
-6.411112332953610160e-01
-2.754218799014056085e+00
-6.099309830514987318e+00
-3.929667068209226954e+00
-6.432725567745551487e+00
-1.002838209755199905e+01
-1.374695289434427004e+01
-5.023809096756324699e+00
-1.403371644045101396e+00
4.139538366751187581e+00
2.919236284737237952e+00
1.442386161565354818e+00
1.064947194989149137e+00
-3.747558614195649618e-01
-4.960857143772874345e-01
1.932410709649950431e-01
-9.374091963337924938e-01
-2.416700173532473794e+00
-4.463729261333606146e+00
-6.255214753148740314e+00
-6.989223772966480119e+00
-5.708588477991835219e+00
-2.329152796842032913e+00
2.045298761959950529e-01
4.695702888413557652e-01
-2.122497825059656229e+00
-2.838367871330138570e+00
-2.165284418211932849e+00
-2.163192459874566431e+00
-1.292501324966829346e+00
-7.151000228815261872e-01
-7.430207257576791902e-01
1.753779195057730833e-01
-2.256807462887142623e-01
-1.785178446253327333e+00
-2.641901972587923808e+00
-3.904580026810430038e+00
-3.984511852370950624e+00
-5.870851732630170794e+00
-2.788573545536247256e+00
1.891617703488813529e+00
6.373164227116623337e+00
1.826963701181522293e+00
-2.801985625901637356e+00
-3.108062672598884912e+00
-2.163523300816371897e+00
-6.302615090728549418e-01
3.594585946908566698e-01
1.622823153804361596e+00
-1.342595139925867986e+00
4.309366416705728842e-01
-4.818039829884119829e-01
2.781917533524459252e+00
4.995493509059473425e+00
6.266678146754171230e+00
3.269575094217502365e+00
1.061395744525983620e+00
4.045080974876778535e-01
1.305008844420987524e+00
2.264884567516143754e+00
1.821425733284026904e+00
3.933903622566204961e-01
2.819688523614662934e+00
1.717628350413929805e+00
9.198253235008339024e-01
2.170682605238635432e+00
1.615873177684690187e+00
1.409551160600987840e+00
-8.049224289401970545e-01
-1.367587058517258258e+00
-1.816164247640726703e+00
-3.762382402583287710e+00
3.256244012446569691e-01
-1.819554289461536190e+00
-4.508477714453567486e+00
-2.876714085258317066e+00
1.928025056227279155e+00
2.334285236908076211e+00
4.838593733554563681e-01
-5.203815017354448402e-01
-2.263221218490476971e+00
-2.120235151908943294e+00
-1.167690738392659577e+00
-6.850044642530732641e-01
-2.126818067848673888e+00
-2.722891650738009872e+00
-1.540062165080982926e+00
-5.259771443388217005e-02
-5.410492247851590442e-01
-7.760385751996909942e-01
8.779240385929713009e-01
9.018706951010978523e-01
1.699996330139419420e+00
1.735207343539713287e+00
7.084248035779623365e-01
-1.645560300109251139e-01
-1.614808106317386471e+00
-2.950042533979976511e+00
-2.230475142064241023e+00
-2.697317595856859374e+00
-1.947613843296150726e+00
-7.212202243849608063e-01
1.935193172306355902e-01
4.461825392163933923e-01
5.835362703156853348e-01
-1.090651394895212567e+00
-2.266979546158333747e+00
-1.132167245999602390e+00
-5.167899622151058692e-01
-2.371180872728393396e-01
-2.235922076808488923e-01
1.235355451081896261e+00
6.560882813769008948e-02
1.940363475938295057e+00
4.065514036204822546e-01
1.750938741901303608e+00
1.183484629000693289e+00
1.315909318130668471e+00
2.063296295059533936e+00
2.820499987115089535e+00
2.067879877475939043e+00
4.236589583280210292e-01
1.625056959933872225e+00
-1.830665430987035158e-01
-2.571620913428320776e+00
-1.634041130259469288e+00
-3.272850235090878357e+00
-5.448228300617685704e-02
1.432521687799610088e+00
-7.760440141633360156e-01
-1.881229903678244941e+00
-3.279338391026818567e+00
-3.722480695974317744e+00
-4.424858963673939272e+00
-1.225094930720173281e+00
-1.978127225892583940e+00
-2.029365304783729229e+00
-1.686138551211498804e+00
1.880580834404723678e-01
1.199214954955160506e+00
-7.212808830280394989e-01
-1.854810041295311240e+00
-3.150789384274498506e+00
-4.000248664862013470e+00
-3.938129245114731614e+00
-1.346806206168227771e+00
2.281165145056024413e-02
-7.696073716170420687e-01
-3.929245021538225746e-01
-7.899439119373772300e-01
1.169438837713812296e+00
5.968651044801988048e-01
-1.807063335029276629e+00
-2.857924700356533343e+00
-2.991445334758582764e+00
-1.630591689315724402e+00
-2.004348116657772572e+00
-3.208318155559394036e+00
-2.727171991136390528e+00
-1.123495062046666604e+00
-1.427679395284390917e+00
-2.668156415986299379e+00
-1.042813304630037852e+00
-8.415567855735637259e-01
1.641510072096776351e+00
5.163194018439277500e+00
-2.231923647480998696e+00
-1.074353026493693974e+01
-1.231587373113237049e+01
-7.568683975950298404e+00
-2.520052599011703975e-01
1.215471382062648820e+00
2.259665550464199146e+00
6.302301250296369339e-01
3.918546004748592049e-01
7.383954720619366752e-01
-3.281889662102530636e-01
1.148543993673523111e+00
3.486934921524230679e-01
-2.382426626641520606e+00
-1.677200380841802563e+00
-1.762093953705481164e+00
-1.146294673993794477e+00
-4.436067384093197452e-01
1.847464393689665529e+00
1.884269825722993286e+00
1.763873602859855838e+00
4.066137383882528766e+00
1.273807382690211210e+00
-3.195324500727946049e+00
-2.244401980749082259e+00
-2.225770755171087245e+00
-3.030902867941291934e+00
-2.186929936148605869e+00
-2.748851443966577435e+00
-1.690904002868231615e+00
6.405721947941954708e-01
2.208215284321908278e+00
1.500397687655782741e+00
1.797367222708013745e+00
1.006315251839528635e+00
1.868703105836392098e+00
2.739886844575959657e+00
1.713137741602525299e+00
1.035982048147795265e+00
5.565662073000983145e-01
1.330732530492470200e+00
2.688241981399935199e+00
1.578140697004509319e+00
9.325498149009718851e-01
-1.507877671474600056e-02
-2.516035579539899758e-01
1.383447174109118105e+00
-9.544416933175472462e-01
-7.292986580402351038e+00
-5.170610953119950892e+00
-3.818217889946144972e+00
-2.531509307920559948e+00
-6.767192520626963415e-04
1.503993087785170379e+00
2.094970490827370302e-01
1.440951718070082377e+00
-1.905432578572840985e-01
-2.599118462865201096e+00
-5.460521643329453667e+00
-3.474850168442662479e+00
-1.838161694906646604e+00
-2.262487650023668806e+00
-1.457725240437299563e+00
-8.153568766982227656e-01
-1.584979401455329784e+00
-1.750663914273799859e+00
-1.809725736214645497e+00
-4.239242872967814435e-01
1.380264338273003544e+00
-5.041106795458416556e-02
8.832747438877026624e-01
2.252559272239829991e+00
8.255680336682424958e-02
-1.902883775563918300e-02
6.845142667517082335e-01
1.044064311790193544e+00
5.116725650905076250e-01
1.840634791555550542e+00
1.860808425666298893e+00
1.409089917749141163e+00
1.088215235438668937e+00
1.706636847547017055e+00
1.850171315097965952e+00
1.518477775804513819e+00
-1.774465077899312293e+00
-6.837337345868391481e+00
-1.402851294194787179e+01
-2.137331267641859611e+01
-2.251705546445139206e+01
-9.909245933052158506e+00
-6.222808192568143326e+00
-4.318679111680522098e+00
-2.329364647096563434e+00
-3.484762377452800486e+00
1.372530168291548058e-01
-1.829519395486206568e-01
-1.926767785219176243e+00
2.511057346571181625e-01
-8.917961990102415415e-01
-2.342978695177935222e-01
-1.606255296174744940e+00
-1.714933130451486543e+00
-2.453955859099127057e+00
-2.140917339632089522e+00
-1.208222916479935183e+00
-1.535889654343623789e+00
-1.103158875186548649e+00
-6.987687451924039506e-01
-1.474191015347336542e+00
8.660658211158498432e-01
1.059100081051501663e-01
2.080221882432374159e+00
4.076092492140059864e-01
2.651974478636786592e-01
-6.139974530690535115e-01
-7.766433765601173933e-01
-8.377445145365475243e-02
1.061617157672290368e+00
5.118150989014995655e-01
3.841058585282755011e-01
6.128526006771800594e-01
-9.102325437713147949e-01
-3.059533718458598450e+00
-6.802793242366849569e+00
-9.632699508440341063e+00
-8.389980081748060314e+00
-7.406954387257391303e+00
-9.202318736229589291e+00
-1.620189949146592312e+00
1.506270716220980965e+00
8.688809878295984390e+00
3.897918429193472090e+00
-3.455182181601457181e+00
-7.161549525800735339e+00
-1.018324849831957835e+01
-1.204694122891170593e+01
-7.627171779303545840e+00
-3.454254706593897772e+00
-4.641200410181245406e-01
1.366513884704052550e+00
2.447738470870445493e+00
2.456059846461237317e+00
2.313718499910814241e+00
9.459186737423007640e-01
7.425440286180966520e-01
5.252508607330127477e-01
1.980550514722286159e+00
1.379772953307735861e+00
1.049811824718833719e+00
-5.988842949448098807e-01
9.059441548884864526e-01
-1.980699495173493752e+00
-2.877656455383219569e+00
-3.838063831844795715e+00
-2.476273360705177229e+00
-2.049507455027038461e+00
-6.738560545559030279e-01
5.275649747985498017e-01
2.286073277396501346e+00
3.737619402616092046e+00
3.621523564357623570e+00
1.638453797682718038e+00
2.144176460763061343e+00
2.736953874935571740e+00
5.876190041009031084e+00
4.799834533635912948e+00
